数据结构与算法 101 1 100 4.0 3.5 1 20230001 21001 1
数据结构与算法 101 1 94 4.0 3.5 1 20230002 21001 1
数据结构与算法 101 1 88 3.7 3.5 1 20210001 21001 1
数据结构与算法 101 1 66 1.3 3.5 1 20210002 21001 1
数据结构与算法 101 1 21 0.0 3.5 1 20210003 21001 1
数据结构与算法 101 1 78 2.7 3.5 1 20210004 21001 1
数据结构与算法 101 1 76 2.3 3.5 1 20210005 21001 1
数据结构与算法 101 1 61 1.0 3.5 1 20210006 21001 1
软件工程导论 108 1 56 0 1 1 20230001 21001 1 
软件工程导论 108 1 65 1.3 1 1 20230002 21001 1
软件工程导论 108 1 44 0 1 1 20210001 21001 1
软件工程导论 108 1 33 0 1 1 20210002 21001 1
软件工程导论 108 1 81 3.0 1 1 20210003 21001 1
软件工程导论 108 1 99 4.0 1 1 20210004 21001 1
软件工程导论 108 1 87 3.7 1 1 20210005 21001 1
软件工程导论 108 1 96 4.0 1 1 20210006 21001 1
软件工程导论 108 1 64 1.3 1 1 20210007 21002 2
软件工程导论 108 1 74 2.3 1 1 20210008 21002 2
软件工程导论 108 1 82 3.0 1 1 20210009 21002 2
软件工程导论 108 1 76 2.3 1 1 20210010 21002 2
软件工程导论 108 1 67 1.7 1 1 20210011 21002 2
软件工程导论 108 1 36 0 1 1 20210012 21002 2
离散数学 103 2 98 4.0 3 1 20230001 21001 1
离散数学 103 2 56 0 3 1 20210002 21001 1
数据库管理系统 102 2 89 3.7 3 1 20230001 21001 1
数据库管理系统 102 2 89 3.7 3 1 20230002 21001 1
人工智能导论 104 1 86 3.5 4 1 20230001 21001 1
人工智能导论 104 1 95 4.0 4 1 20230002 21001 1