周一 20230001 0000 410101199001010001 计算机学院 计算机科学与技术 1 2021 1 0 0
吴二 20230002 0000 410101199002020002 计算机学院 计算机科学与技术 1 2021 1 0 0
张三 20210001 0000 310101199001010001 计算机学院 计算机科学与技术 1 2021 0 0 0
李四 20210002 0000 310101199002020002 计算机学院 计算机科学与技术 1 2021 0 0 0
王五 20210003 0000 310101199003030003 计算机学院 计算机科学与技术 1 2021 0 0 0
赵六 20210004 0000 310101199004040004 计算机学院 计算机科学与技术 1 2021 0 0 0
孙七 20210005 0000 310101199005050005 计算机学院 计算机科学与技术 1 2021 0 0 0
周八 20210006 0000 310101199006060006 计算机学院 计算机科学与技术 1 2021 0 0 0
吴九 20210007 0000 310101199007070007 环境科学与工程学院 环境工程 2 2021 0 0 0
郑十 20210008 0000 310101199008080008 环境科学与工程学院 环境工程  2 2021 0 0 0
钱十一 20210009 0000 310101199009090009 环境科学与工程学院 环境工程  2 2021 0 0 0
孔十二 20210010 0000 310101199010101010 环境科学与工程学院 环境工程  2 2021 0 0 0
杨十三 20210011 0000 310101199011111011 环境科学与工程学院 环境工程  2021 0 0 0
朱十四 20210012 0000 310101199012121012 环境科学与工程学院 环境工程  2 2021 0 0 0
秦十五 20210013 0000 310101199013131013 生命科学学院 生物技术 3 2021 1 0 0
尤十六 20210014 0000 310101199014141014 生命科学学院 生物技术 3 2021 0 0 0
许十七 20210015 0000 310101199015151015 生命科学学院 生物技术 3 2021 0 0 0
何十八 20210016 0000 310101199016161016 生命科学学院 生物技术 3 2021 0 0 0
吕十九 20210017 0000 310101199017171017 生命科学学院 生物技术 3 2021 1 0 0
施二十 20210018 0000 310101199018181018 艺术学院 艺术设计 4 2021 0 0 0
张二十一 20210019 0000 310101199019191019 艺术学院 艺术设计 4 2021 0 0 0
孟二十二 20210020 0000 310101199020202020 艺术学院 艺术设计 4 2021 0 0 0
柳二十三 20210021 0000 310101199021212021 艺术学院 艺术设计 4 2021 0 0 0
韩二十四 20210022 0000 310101199022222022 艺术学院 艺术设计 4 2021 1 0 0
康二十五 20210023 0000 310101199023232023 电子信息工程学院 通信工程 5 2021 0 0 0
尹二十六 20210024 0000 310101199024242024 电子信息工程学院 通信工程 5 2021 0 0 0
段二十七 20210025 0000 310101199025252025 电子信息工程学院 通信工程 5 2021 0 0 0
胥二十八 20210026 0000 310101199026262026 电子信息工程学院 通信工程 5 2021 1 0 0
梁二十九 20210027 0000 310101199027272027 电子信息工程学院 通信工程 5 2021 0 0 0
岳三十 20210028 0000 310101199028282028 电子信息工程学院 通信工程 5 2021 1 0 0